100
8 1
3
20 3
3 6 14
1 1
1
2 2
1 2
3 3
1 2 3
4 4
1 2 3 4
5 5
1 2 3 4 5
1748 72
1 7 19 54 89 99 104 110 127 131 154 214 288 315 329 354 377 398 429 443 497 503 509 513 525 534 535 559 563 634 650 661 693 711 722 738 760 767 857 881 882 934 937 1007 1073 1089 1095 1120 1159 1209 1219 1259 1291 1329 1340 1368 1376 1444 1445 1485 1488 1497 1551 1585 1588 1595 1619 1629 1669 1693 1721 1724
8983 6
508 3738 4252 6205 6933 8702
8281 11
26 159 204 383 478 4321 6184 6266 7617 7662 8272
6231 83
122 215 220 309 322 324 360 526 568 742 749 762 846 876 953 1003 1131 1162 1171 1181 1212 1320 1466 1526 1596 1613 1659 1889 1912 2041 2152 2283 2291 2332 2481 2524 2725 2743 2761 2829 2870 3144 3280 3466 3671 3714 3728 3804 3863 3915 3941 4002 4015 4022 4130 4206 4222 4223 4224 4292 4548 4627 4643 4703 4770 4855 4859 4869 4947 4960 4984 5091 5293 5482 5593 5705 5756 5811 5865 6008 6039 6160 6230
8731 61
99 164 280 592 785 789 860 897 1097 1381 1389 1404 1548 1590 1756 2006 2116 2404 2501 2563 2583 2616 2806 3066 3216 3427 3650 3689 3697 3772 3786 4156 4309 4442 4663 4793 4854 5049 5186 5250 5513 5523 6049 6317 6428 6904 6962 7079 7176 7198 7514 7623 7717 7745 7869 7973 8046 8268 8315 8365 8641
9636 3
1028 6253 6974
3729 33
66 207 377 380 494 585 610 715 809 840 1085 1210 1268 1438 1528 1564 1607 1647 1652 1761 2024 2277 2532 2555 2759 3121 3128 3238 3247 3250 3410 3539 3627
3361 99
26 76 203 242 307 327 334 350 370 407 423 494 537 574 578 588 618 629 827 860 886 917 932 963 968 1023 1069 1075 1089 1110 1127 1129 1154 1203 1223 1228 1315 1405 1406 1411 1481 1489 1497 1504 1517 1542 1560 1623 1668 1686 1699 1712 1716 1738 1751 1918 1930 1955 2005 2095 2115 2199 2233 2248 2253 2264 2305 2307 2401 2424 2447 2448 2482 2495 2504 2535 2600 2630 2700 2720 2784 2806 2817 2857 2892 2927 2939 2943 2951 3023 3044 3074 3145 3158 3209 3272 3291 3310 3338
4196 33
344 375 422 539 656 742 891 1097 1129 1194 1295 1380 1796 1839 1872 1911 2043 2321 2365 2437 2751 2919 2921 2939 2948 3056 3330 3485 3501 3671 3832 3930 4004
1469 36
11 27 31 103 235 243 263 330 380 409 425 451 524 526 582 594 607 627 641 670 678 701 763 955 965 1033 1072 1104 1120 1157 1164 1200 1230 1289 1429 1442
4155 42
10 425 467 626 657 690 917 1009 1155 1304 1438 1476 1509 1526 1585 1614 1805 1941 2052 2084 2257 2327 2592 2641 2721 2767 2776 2826 2830 2892 2948 3055 3171 3198 3199 3293 3378 3531 3608 3652 4079 4123
549 33
14 47 51 72 85 91 97 118 121 137 163 205 206 207 228 237 249 250 303 304 309 327 388 392 394 430 448 459 494 523 524 527 534
8824 75
155 515 545 546 566 675 688 963 985 1077 1125 1157 1386 1519 1529 1595 1824 1826 1871 1943 2243 2275 2304 2385 2417 2421 2507 2661 2689 2692 2828 2834 3110 3288 3617 3730 3884 4203 4298 4336 4610 4711 4764 4768 4828 4866 4960 5111 5305 5587 5599 5768 5872 6026 6037 6186 6236 6286 6359 6450 6549 6699 6711 6731 6996 7072 7262 7715 7784 8003 8071 8178 8254 8458 8745
4591 65
59 174 248 251 319 401 412 484 487 515 598 633 788 793 859 896 1084 1184 1214 1247 1301 1338 1361 1406 1512 1532 1614 1717 1798 1934 1993 2005 2029 2208 2400 2430 2476 2526 2606 2667 2901 2986 3000 3077 3189 3250 3276 3541 3601 3627 3738 3923 3935 3992 4015 4183 4194 4205 4236 4323 4374 4401 4405 4521 4551
6381 18
154 224 315 358 372 679 940 986 1642 2714 3683 3902 4990 5018 5041 5441 5653 6191
3681 87
94 105 112 133 163 207 222 253 281 332 416 443 473 477 560 645 653 735 766 793 881 933 975 1009 1045 1093 1110 1117 1181 1213 1225 1269 1274 1372 1439 1519 1560 1574 1586 1615 1636 1640 1671 1675 1692 1717 1731 1752 1801 1832 1858 1911 1957 2016 2040 2112 2113 2162 2204 2227 2233 2291 2386 2402 2507 2655 2692 2715 2733 2877 2940 2946 3017 3083 3125 3133 3164 3169 3179 3188 3237 3378 3434 3447 3477 3625 3667
4010 53
11 55 91 136 305 311 409 437 516 538 579 581 585 683 718 766 1029 1285 1298 1303 1313 1560 1676 1698 1798 1825 1878 1953 2022 2027 2039 2079 2102 2318 2359 2477 2510 2654 2707 2748 2794 2822 2851 2868 2917 2969 3041 3080 3090 3286 3391 3738 3751
591 59
11 12 22 24 43 45 55 67 72 81 82 87 108 109 112 144 151 195 203 205 218 227 229 240 248 251 269 277 287 297 298 332 340 347 350 354 379 388 389 398 409 424 426 429 453 455 458 463 479 482 497 520 530 542 560 570 571 581 582
5590 59
13 31 360 503 516 577 661 710 747 825 1004 1069 1493 1541 1576 1745 1807 1875 1895 1921 1933 1998 2114 2159 2273 2409 2467 2497 2642 2719 2847 2917 3113 3485 3560 3671 3694 3754 3761 3783 3862 3948 3978 4037 4056 4193 4322 4384 4441 4545 4608 4915 5006 5104 5135 5283 5306 5482 5571
3221 18
33 158 191 628 701 835 861 1064 1228 1453 1617 1829 1873 2233 2483 2737 3127 3180
10000 100
246 276 358 431 509 598 885 1087 1126 1263 1341 1460 1465 1477 1604 1617 1817 1917 1991 2024 2155 2607 2617 2678 2925 3038 3085 3094 3127 3158 3204 3296 3308 3480 3497 3682 3953 4022 4069 4203 4355 4611 4680 4763 4800 5122 5199 5330 5386 5471 5491 5650 5754 5809 6012 6067 6141 6371 6452 6497 6522 6598 6600 6757 6787 6855 7003 7127 7409 7426 7559 7741 7829 7972 7989 8006 8062 8092 8123 8310 8530 8547 8560 8624 8714 8733 8776 8942 9063 9157 9272 9403 9454 9477 9642 9661 9663 9817 9882 9905
10000 100
5 153 275 332 395 456 539 570 577 582 620 679 707 735 764 1069 1088 1092 1102 1170 1244 1487 1781 1975 2007 2012 2426 2492 2588 2896 2914 2966 3093 3121 3212 3215 3512 3793 4068 4174 4219 4270 4440 4579 4599 4651 4812 4927 4980 5030 5531 5532 5546 5599 5627 5716 5937 6291 6295 6308 6410 6506 6582 6597 6599 6743 6775 6779 6793 6806 6819 6958 7144 7323 7374 7434 7507 7535 7756 7844 7928 8134 8187 8285 8384 8445 8456 8539 8571 8695 9041 9070 9090 9165 9348 9448 9666 9822 9903 9945
10000 100
106 250 265 267 318 484 582 887 943 1045 1227 1460 1544 1573 1696 1926 2001 2029 2306 2610 2791 2886 2942 3108 3201 3215 3360 3393 3415 3430 3709 3760 3777 3820 3841 3925 3998 4111 4253 4324 4345 4361 4400 4453 4487 4581 4856 5012 5029 5054 5055 5089 5373 5396 5526 5712 5766 5781 5851 5870 5873 6096 6258 6273 6286 6867 6873 6894 6914 6926 6986 7171 7223 7230 7522 7549 7598 7664 7686 7859 7911 7974 8035 8098 8167 8193 8209 8327 8491 8681 9091 9236 9253 9292 9507 9545 9585 9834 9836 9993
10000 100
22 469 547 647 909 988 1014 1193 1219 1263 1323 1585 1615 1640 1704 1862 2126 2350 2378 2535 2644 2671 2692 3089 3104 3214 3248 3299 3374 3476 3491 3507 3515 3601 3742 3841 3851 3884 3977 4094 4149 4228 4361 4518 4686 4697 4754 4828 4868 4871 4922 5192 5239 5265 5313 5515 5548 5641 5769 6391 6526 6536 6542 6650 6715 6761 6880 6886 6992 7096 7115 7342 7434 7500 7650 7766 7859 7959 7985 8126 8199 8272 8299 8440 8511 8603 8661 8772 8894 9147 9185 9520 9525 9564 9615 9625 9738 9784 9798 9895
10000 100
88 92 121 513 577 636 730 1165 1193 1465 1549 1626 1712 1802 1805 1816 1862 2072 2105 2653 2681 2743 2997 3111 3122 3135 3279 3412 3475 3863 3994 4022 4027 4073 4104 4239 4269 4272 4286 4482 4588 4898 4901 5133 5176 5200 5210 5227 5239 5273 5384 5430 5497 5782 5854 6048 6118 6132 6205 6382 6492 6511 6677 6726 6744 6751 6779 6787 6858 6863 6988 7108 7125 7162 7594 7601 7603 7682 7775 8064 8243 8306 8310 8390 8513 8540 8681 9061 9207 9342 9378 9478 9587 9635 9751 9771 9798 9938 9966 9993
10000 100
104 380 421 539 654 669 768 781 820 883 929 964 1047 1199 1203 1367 1384 1467 1902 1931 1975 2209 2435 2454 2565 2659 3116 3117 3131 3226 3267 3287 3551 3555 3790 4069 4553 4624 4644 4816 4935 5022 5181 5246 5289 5350 5439 5473 5733 5757 5949 6121 6188 6226 6414 6452 6475 6637 6803 6834 6886 6939 6979 7211 7255 7260 7356 7385 7580 7586 7628 7917 7935 8054 8140 8152 8166 8186 8193 8252 8316 8399 8530 8575 8907 8931 8952 9063 9094 9103 9176 9220 9465 9568 9664 9743 9762 9832 9845 9996
10000 100
135 169 200 245 462 534 688 699 765 1050 1180 1298 1318 1422 1464 1606 1608 1748 1794 1912 2011 2025 2180 2204 2346 2369 2599 2737 3218 3225 3365 3485 3561 3668 3669 3694 3708 3804 3805 3913 3923 3961 4095 4263 4657 4720 4738 4795 5012 5053 5063 5125 5235 5244 5392 5509 5606 5803 5918 5942 6036 6074 6110 6293 6355 6614 6651 6685 6805 6813 6831 6833 6856 6890 6973 7044 7117 7350 7531 7715 8159 8200 8253 8276 8301 8398 8428 8584 8647 8668 9085 9098 9163 9284 9426 9550 9646 9759 9860 9864
10000 100
210 308 319 426 455 486 567 806 1022 1042 1062 1130 1235 1314 1487 1638 1706 1846 1956 2066 2269 2358 2410 2498 2900 2911 3053 3068 3203 3226 3302 3317 3515 3603 3659 3711 3742 3749 3876 3894 4418 4444 4637 4713 4730 4899 4909 4999 5128 5145 5244 5246 5372 5380 5431 5484 5520 5550 5595 5611 5754 5848 5859 6026 6050 6154 6233 6373 6426 6516 6719 6753 7123 7184 7363 7564 7773 7859 8170 8435 8651 8836 8849 8925 8930 8940 9025 9186 9213 9305 9370 9385 9386 9480 9512 9685 9765 9767 9835 9940
10000 100
14 32 109 115 138 140 311 377 532 645 717 728 834 863 1114 1231 1328 1350 1591 1668 1689 2054 2124 2235 2279 2429 2594 2635 2841 2884 2901 2955 3044 3217 3229 3233 3263 3489 3579 3589 3608 4025 4040 4381 4386 4426 4455 4541 4554 4691 4747 4873 4957 4976 5057 5575 5694 5773 5933 6530 6768 6839 7067 7112 7148 7217 7364 7375 7396 7475 7496 7516 7804 7840 7999 8092 8196 8374 8466 8530 8534 8604 8727 8757 8837 8846 8852 8853 8877 8902 9067 9134 9243 9299 9389 9595 9655 9788 9880 9895
10000 100
79 218 288 365 449 627 714 758 827 860 929 1020 1028 1142 1305 2226 2308 2334 2471 2481 2653 2697 2729 2767 2771 2807 2919 3064 3256 3581 3777 3796 3813 3837 3921 3936 3961 4215 4223 4325 4356 4368 4594 4640 4678 4696 4988 5115 5238 5350 5437 5504 5551 5569 5583 5641 5664 5782 5823 5878 5916 5967 5968 6011 6058 6105 6434 6502 6511 6569 6822 6953 6975 7044 7097 7240 7374 7572 7697 7709 8145 8177 8313 8325 8358 8510 8591 8732 8844 8939 8998 9281 9500 9683 9717 9797 9847 9882 9888 9968
10000 100
23 91 176 213 379 411 693 879 918 954 972 1221 1440 1623 1627 1775 1831 1877 2060 2097 2098 2099 2287 2384 2501 2512 2678 2738 2876 2929 2992 3191 3242 3278 3297 4044 4064 4086 4109 4137 4218 4390 4694 4711 4836 4859 4941 4963 5011 5062 5340 5356 5375 5463 5578 5781 5807 5863 5868 5968 5992 6065 6095 6144 6337 6422 6428 6458 6553 6618 6736 6850 7066 7178 7237 7439 7451 7678 7691 7721 7867 7980 8070 8100 8316 8389 8566 8599 8729 8743 9153 9324 9366 9449 9495 9622 9664 9823 9918 9953
10000 100
185 350 518 622 766 780 1081 1088 1226 1314 1372 1408 1423 1643 1662 1668 1843 1851 1896 1935 1947 2080 2134 2139 2173 2306 2356 2412 2593 2684 2795 2955 3514 3528 3563 3568 3665 3680 3789 3794 3825 3939 3964 4174 4415 4424 4436 4545 4668 4773 4786 4790 4850 4852 4922 5186 5251 5445 5516 5794 5914 6149 6173 6350 6375 6557 6606 6627 6832 6893 6909 6941 7005 7081 7253 7462 7512 7603 7810 8235 8246 8313 8382 8404 8464 8947 8989 9077 9142 9166 9215 9229 9328 9408 9580 9756 9864 9870 9907 9909
10000 100
452 528 548 775 817 845 868 882 903 962 1106 1193 1210 1357 1423 1433 1446 1630 1654 1724 1756 1798 1954 2061 2140 2392 2463 2564 2591 2598 2623 2787 2840 3040 3237 3405 3436 3671 3771 3856 4035 4103 4174 4179 4182 4456 4497 4632 4668 4670 4851 4908 4964 4999 5016 5059 5365 5589 5859 5910 5940 5966 6054 6147 6191 6343 6605 6622 6645 6731 6741 6776 6822 6940 7013 7074 7260 7473 7537 7538 7716 7752 7857 7987 8143 8174 8268 8286 8383 8849 8883 9127 9208 9261 9266 9439 9490 9533 9572 9626
10000 100
398 506 559 617 624 798 821 857 915 1027 1123 1255 1324 1372 1423 1538 1652 1703 1773 1857 2012 2076 2085 2582 2592 2613 2615 2635 2677 2770 2942 3103 3129 3142 3362 3445 3475 3571 3770 4084 4177 4191 4215 4337 4371 4429 4432 4449 4657 4675 4683 4684 4887 5126 5205 5291 5431 5622 5653 5692 5847 6066 6105 6221 6279 6318 6482 6489 6562 6572 6799 6876 6944 6994 7052 7196 7426 7465 7703 7857 7866 7887 7944 7951 7993 8002 8043 8107 8256 8279 8553 8631 8819 8825 9183 9321 9569 9608 9749 9843
10000 100
41 236 280 351 587 632 679 696 995 1152 1193 1210 1731 1803 1817 1825 1834 1841 1853 2151 2250 2399 2536 2559 2755 2774 3300 3377 3430 3780 3939 3945 4091 4106 4139 4168 4204 4210 4366 4369 4578 4624 4696 4794 4846 4885 4925 4968 5029 5118 5356 5451 5486 5590 5663 5699 5702 5739 5775 6071 6149 6342 6459 6483 6618 6751 6759 6760 6941 7073 7079 7120 7230 7294 7406 7447 7541 7608 7626 7638 7722 7823 7878 7890 8144 8225 8315 8501 8513 8881 9193 9396 9518 9537 9541 9543 9587 9680 9807 9984
10000 100
268 307 361 433 534 599 721 731 943 962 1049 1065 1114 1128 1130 1132 1210 1258 1594 1739 1865 2195 2280 2287 2371 2399 2611 2622 2720 2802 2985 3018 3118 3378 3437 3553 3697 3828 3860 3970 4006 4062 4432 4455 4485 4546 4651 4655 4712 4726 4996 5085 5176 5193 5412 5472 5569 5780 5896 5905 6010 6024 6102 6410 6663 6684 6928 6933 7005 7111 7169 7234 7265 7343 7344 7370 7392 7455 7607 7761 7826 7932 8072 8153 8201 8490 8666 8696 8848 8931 9300 9309 9430 9476 9528 9567 9630 9743 9782 9821
10000 100
18 21 301 331 342 387 483 618 652 687 709 730 776 839 864 1082 1087 1097 1105 1173 1310 1443 1568 1610 1748 1773 1876 2114 2163 2403 2431 2480 2611 2903 3052 3094 3174 3280 3576 3707 3714 3740 3902 4049 4078 4132 4408 4450 4459 4828 4958 5115 5198 5315 5434 5445 5484 5511 5645 5646 5943 6120 6122 6177 6638 7208 7356 7521 7593 7784 7788 7843 7853 7895 7979 8023 8101 8125 8159 8234 8282 8504 8545 8651 8786 8787 9075 9096 9156 9162 9229 9269 9314 9381 9571 9614 9705 9826 9945 10000
10000 100
33 46 70 229 263 332 435 647 755 796 865 963 980 1127 1286 1301 1309 1336 1463 1559 1599 1753 1766 1804 1897 1983 2226 2411 2456 2515 2522 2629 2866 2912 3072 3088 3094 3261 3329 3338 3383 3460 3508 3525 3534 3572 3645 3718 3857 3916 3977 4215 4259 4284 4409 4455 4628 4764 4888 4957 4997 5016 5223 5388 5457 5460 5497 5599 5677 5694 5923 5960 6069 6285 6292 6596 6613 6696 6761 6927 6945 7002 7339 7410 7549 7642 7699 8128 8185 8511 8840 8914 9035 9094 9119 9240 9531 9720 9988 9990
10000 100
97 126 201 352 510 519 527 571 684 877 879 882 1048 1097 1161 1422 1745 1811 1818 1842 1844 1943 1952 2124 2160 2414 2760 2941 3037 3238 3354 3538 3607 3648 3993 4088 4104 4170 4263 4362 4520 4562 4604 4676 4910 4964 5090 5184 5309 5320 5355 5361 5451 5490 5571 5655 5677 5711 6005 6006 6017 6142 6188 6411 6440 6616 6903 7066 7099 7500 7677 7691 7803 7842 7849 8021 8141 8175 8255 8271 8323 8346 8521 8767 8802 8925 8934 8940 8985 9019 9210 9332 9482 9533 9587 9620 9651 9660 9663 9804
10000 100
181 248 348 499 513 647 651 764 840 939 1228 1303 1357 1394 1421 1455 1474 1508 1959 2122 2155 2326 2391 2707 2788 2845 3139 3147 3199 3208 3494 3587 3639 3665 3672 3714 3751 3800 3837 4039 4077 4126 4131 4170 4781 4890 4957 4971 4994 5112 5402 5561 5590 5692 5709 5867 5914 6072 6303 6773 6888 7015 7037 7073 7112 7147 7162 7281 7282 7388 7543 7545 7664 7734 7761 7899 7959 8157 8184 8280 8291 8317 8382 8707 8736 8749 8794 8817 8820 8948 9009 9095 9098 9283 9449 9500 9736 9774 9929 9964
10000 100
1 22 54 241 326 371 583 695 751 908 916 1011 1043 1047 1124 1218 1263 1461 1479 1598 1695 1791 1840 1936 1965 2017 2088 2173 2292 2368 2594 2625 2637 2812 2838 2915 2933 2958 3078 3088 3227 3332 3529 3590 3596 3913 3982 4274 4706 4724 4756 4877 5103 5166 5381 5501 5564 5711 5739 5760 5769 5846 5860 5972 5973 6235 6620 6683 6867 6935 6958 7358 7426 7529 7733 7740 7959 8102 8116 8170 8176 8200 8232 8235 8294 8423 8549 8625 8649 8721 8757 8792 8806 8905 9367 9411 9450 9567 9616 9749
10000 100
42 53 70 145 176 186 307 352 361 449 904 1039 1135 1306 1656 2022 2064 2165 2247 2269 2391 2474 2512 2543 2556 2585 2695 2790 2828 2912 2914 2967 3264 3308 3336 3525 3621 3826 3858 3889 3905 4075 4170 4195 4511 4555 4655 4673 4700 4836 4960 5054 5133 5244 5477 5562 5563 5601 5960 6080 6107 6108 6208 6439 6442 6480 6668 6694 6787 6848 6978 7068 7157 7219 7500 7515 7802 7854 7987 8060 8079 8115 8171 8229 8432 8475 8575 8652 8750 8939 9220 9256 9308 9372 9478 9672 9756 9759 9904 9917
10000 100
96 298 337 686 785 1260 1333 1397 1772 2052 2150 2530 2617 2763 2765 2810 2816 2937 2982 2987 3062 3250 3273 3460 3781 3829 4107 4201 4295 4611 4709 4816 4882 4900 4996 5045 5128 5323 5368 5580 5791 5931 6105 6114 6231 6308 6380 6420 6829 6928 7078 7081 7204 7227 7241 7335 7370 7602 7642 7676 7744 7797 7822 7896 7916 8060 8180 8225 8253 8320 8376 8377 8416 8463 8571 8700 8705 8707 8742 8788 8805 8977 8993 8999 9089 9092 9098 9102 9130 9165 9391 9435 9484 9487 9534 9765 9918 9955 9966 9995
10000 100
69 70 118 475 490 540 579 580 824 914 1140 1217 1225 1234 1260 1334 1452 1564 1953 1975 1976 2007 2120 2209 2214 2271 2649 2655 2795 2873 2953 2986 3171 3178 3311 3392 3563 3583 3642 3844 3858 4027 4069 4150 4250 4406 4455 4521 4627 4665 4778 4780 4813 4995 5263 5294 5320 5405 5452 5457 5522 5636 5809 5818 5853 5864 6053 6248 6519 6727 6937 6973 6991 7000 7006 7033 7326 7390 7402 7495 7914 8149 8191 8222 8250 8532 8569 8576 8806 8925 9143 9237 9242 9420 9548 9594 9655 9779 9794 9867
10000 100
154 158 169 220 259 281 590 1017 1071 1179 1549 1578 1581 1601 1711 1792 1890 1893 1921 1958 2009 2108 2119 2493 2700 2785 2860 2957 2974 3131 3153 3228 3292 3327 3368 3445 3552 3738 3990 4018 4159 4687 4958 5040 5109 5116 5323 5369 5590 5702 5706 5723 5923 6188 6234 6529 6588 6657 6862 6871 6886 6892 6899 6917 6981 7084 7412 7780 7798 7814 7980 8041 8100 8248 8253 8338 8343 8344 8422 8458 8486 8494 8514 8520 8522 8569 8586 8591 8612 8671 8804 8892 9220 9242 9459 9758 9763 9781 9896 9978
10000 100
30 283 397 434 617 679 775 829 902 916 1030 1189 1211 1233 1317 1474 1662 1726 1780 1883 1988 2205 2218 2253 2593 2675 2699 2797 2941 2945 3132 3198 3326 3342 3357 3403 3514 3726 3786 4115 4148 4218 4419 4435 4485 4500 4602 4629 4795 4796 4897 4952 5285 5317 5440 5471 5579 5595 5612 5666 6034 6184 6283 6346 6394 6461 6527 6575 6809 6818 6882 7206 7231 7335 7354 7377 7577 7615 7661 7785 7882 7971 8063 8168 8202 8283 8435 8698 8741 8943 9192 9214 9498 9506 9528 9537 9588 9769 9924 9994
10000 100
40 235 316 358 453 546 551 632 861 892 905 998 999 1079 1175 1181 1238 1368 1653 1834 1860 1928 1974 2059 2243 2263 2268 2359 2388 2419 2432 2434 2466 2588 2590 2792 2886 3008 3024 3150 3173 3201 3212 3314 3623 3715 3912 3922 4093 4240 4268 4312 4401 4474 4718 4904 4987 5328 5423 5431 5495 5506 5647 5648 5923 6035 6246 6280 6320 6344 6463 6465 6723 6743 6891 6926 7100 7441 7461 7526 7553 7575 7698 7849 7893 7975 8010 8026 8055 8116 8190 8612 8645 8657 8660 8755 8896 9072 9451 9956
10000 100
90 113 281 372 569 779 787 872 896 1057 1095 1376 1409 1482 1569 1645 1727 1956 2083 2106 2172 2237 2383 2504 2517 2543 2724 2781 2924 2969 2971 2993 3027 3229 3233 3316 3349 3370 3666 3846 3862 3903 3952 3995 4079 4125 4166 4210 4431 4525 4611 4655 4705 4741 4861 4995 5057 5061 5348 5393 5483 5561 5594 5818 6117 6262 6402 6534 6672 6838 6983 7067 7158 7187 7300 7425 7432 7544 7599 7668 7696 7731 7930 8084 8210 8292 8327 8592 8728 9076 9160 9232 9304 9356 9372 9520 9560 9782 9854 9912
10000 100
7 45 389 415 437 445 494 568 597 756 762 844 847 1111 1619 1639 1707 1709 1779 1846 1865 1999 2080 2145 2152 2213 2285 2428 2487 2498 2541 2547 2553 2685 2974 3279 3347 3440 3487 3546 3554 3603 3656 3788 3847 3990 4229 4247 4263 4273 4473 4528 4529 4730 4771 4980 5138 5149 5181 5209 5251 5253 5316 5576 5579 5617 5707 5760 5881 5923 6469 6543 6765 6791 6860 6963 6964 7115 7352 7422 7505 7620 7650 7795 7812 7875 7957 7969 8289 8551 8898 8963 9242 9336 9436 9468 9516 9544 9602 9846
10000 100
664 673 747 896 986 1004 1517 1537 1581 1704 1750 1751 1756 1832 1860 1906 2023 2173 2178 2181 2228 2258 2304 2498 2533 2768 2873 2984 3031 3131 3139 3185 3219 3300 3340 3408 3500 3614 3923 4066 4091 4341 4504 4545 4720 4836 4917 4940 5215 5217 5249 5306 5314 5442 5487 5510 5716 5797 5819 5857 6025 6169 6234 6293 6409 6469 6500 6578 6851 6960 6967 7046 7069 7243 7365 7512 7522 7687 7703 7834 8054 8111 8128 8211 8252 8401 8849 8883 9007 9009 9036 9105 9106 9158 9211 9217 9227 9265 9350 9795
10000 100
40 337 374 453 498 759 1000 1028 1079 1167 1246 1273 1329 1384 1399 1402 1694 1701 1728 1877 1939 1981 2247 2251 2378 2452 2517 2639 2727 2820 3109 3164 3453 3493 3533 3581 3666 3737 4182 4221 4234 4306 4338 4497 4608 4658 4768 4853 4861 5027 5042 5071 5111 5176 5197 5401 5512 5689 5812 5813 5902 5912 5930 6021 6097 6259 6357 6629 6745 6822 6861 6975 6978 7081 7190 7405 7512 7612 7645 7675 7885 7955 8009 8030 8220 8347 8382 8627 8713 8736 8826 9031 9170 9198 9276 9454 9491 9757 9777 9790
10000 100
58 86 483 500 743 747 763 876 889 982 1059 1163 1216 1284 1405 1565 1807 1853 2014 2022 2078 2093 2101 2197 2221 2346 2376 2432 2545 2762 2873 2906 3226 3307 3350 3388 3475 3652 3697 3736 3915 3930 3972 4006 4051 4093 4326 4365 4469 4492 4667 4678 4999 5023 5036 5533 5585 5677 5762 5869 6232 6272 6292 6458 6528 6529 6562 6577 6739 6752 6797 6863 6930 6960 6983 7032 7118 7312 7384 7445 7601 7638 7641 7696 7710 7744 7818 8077 8343 8383 8442 8563 8611 8736 8818 9183 9268 9432 9943 9988
10000 100
48 66 98 105 108 295 653 797 859 965 1029 1429 1570 1764 1846 1918 2013 2328 2418 2642 2685 2724 2729 2920 3025 3035 3070 3074 3219 3231 3317 3335 3405 3463 3525 3555 3610 3678 3753 3792 3841 3858 3955 3989 4171 4419 4498 4555 4605 4646 4674 4698 4707 4835 4865 4903 5161 5584 5719 5800 5806 5931 5956 6050 6126 6834 6877 6926 6960 6984 7032 7042 7070 7358 7544 7606 7645 7771 7804 7874 7929 8017 8033 8419 8454 8561 8607 8835 8904 9012 9080 9083 9146 9335 9413 9518 9610 9657 9920 9958
10000 100
208 296 346 431 478 495 496 557 559 665 844 1115 1152 1274 1350 1397 1603 1610 1703 1713 1722 1877 2039 2045 2143 2198 2199 2583 2676 2832 2872 3042 3156 3268 3283 3426 3479 3641 3686 3767 4204 4220 4280 4288 4291 4318 4322 4418 4427 4566 4567 4749 4818 5116 5209 5464 5546 5595 5720 5824 5935 6060 6185 6198 6326 6407 6418 6550 6792 6895 7045 7136 7247 7261 7404 7502 7613 7629 7673 7715 7738 7820 7863 7963 8007 8128 8182 8281 8356 8632 8739 8854 8891 8951 9000 9025 9113 9332 9848 9909
10000 100
81 163 343 432 438 541 555 705 798 1003 1142 1221 1249 1604 1776 1857 1884 2013 2016 2065 2070 2124 2169 2323 2358 2452 2506 2635 2675 2697 2929 3013 3176 3212 3394 3763 3846 3903 4125 4271 4283 4306 4311 4320 4351 4482 4538 4681 4741 4777 4783 4788 4975 5166 5346 5433 5463 5539 5729 5801 5849 5958 6072 6169 6296 6378 6528 6638 6727 6972 7055 7071 7192 7403 7495 7502 7577 7613 7861 8046 8117 8137 8154 8274 8280 8573 8690 8743 8940 9128 9138 9294 9385 9429 9605 9716 9845 9880 9910 9951
10000 100
31 217 279 368 420 547 560 567 754 801 1033 1097 1104 1241 1441 1444 1445 1455 1587 1712 1734 1749 1758 1799 1806 1931 1981 1996 2017 2031 2153 2199 2330 2347 2422 2470 2515 2568 2909 3019 3093 3368 3789 3800 3841 3965 4122 4227 4286 4363 4448 4530 4607 4729 4735 4799 4854 4918 5032 5092 5261 5337 5637 5639 5690 5832 5917 6207 6286 6395 6400 6546 6588 6650 6708 6793 6892 6930 7360 7369 7665 7823 7845 7867 8080 8137 8546 8564 8689 8738 8808 8814 8892 8981 9051 9187 9243 9629 9650 9951
10000 100
8 20 57 72 199 239 387 605 608 889 899 944 956 1074 1173 1215 1335 1446 1507 1537 1678 2013 2184 2431 2574 2624 2630 2719 3128 3190 3236 3366 3461 3469 3643 3661 3941 4015 4045 4259 4365 4746 4907 4911 5012 5174 5181 5251 5255 5320 5645 5809 6155 6220 6238 6374 6526 6556 6628 6723 6771 6827 6828 6930 6932 6940 6944 6964 7235 7280 7377 7518 7669 7670 7738 8167 8303 8322 8380 8406 8426 8468 8532 8538 8540 8693 8840 8871 8935 8982 8986 9053 9110 9354 9394 9418 9501 9593 9758 9916
10000 100
53 103 201 396 442 712 831 953 969 990 1249 1281 1674 1689 1824 1867 1874 1879 1924 1929 2124 2201 2209 2267 2388 2420 2661 2703 2788 2964 2975 3208 3222 3299 3310 3407 3450 3636 3652 3704 3897 3909 3927 3952 3999 4049 4090 4140 4328 4397 4430 4587 4655 4703 4766 5096 5248 5403 5470 5696 5709 5734 5869 5887 5922 6034 6114 6245 6334 6439 6497 6734 6873 6929 7028 7059 7088 7104 7129 7393 7711 7860 7998 8003 8108 8222 8320 8399 8538 8562 8857 9007 9226 9311 9680 9838 9876 9907 9947 9969
10000 100
1 80 106 175 213 507 570 749 943 1263 1279 1314 1408 1525 1549 1828 1832 2258 2311 2370 2445 2448 2707 2844 2924 2945 2951 2972 2990 2996 3103 3689 3765 3808 3821 3855 3939 4197 4208 4393 4564 4578 4701 4985 4993 5090 5126 5163 5192 5314 5345 5361 5422 5815 5880 5955 5996 6231 6257 6312 6438 6470 6589 6716 6758 6759 6841 6970 7134 7156 7186 7191 7287 7358 7361 7400 7476 7507 7580 7696 7743 8021 8107 8243 8256 8331 8397 8432 8440 8501 8814 8837 8956 9464 9490 9493 9523 9675 9799 9877
10000 100
13 100 292 383 390 449 691 777 781 1188 1461 1562 1658 1762 1850 1865 2245 2426 2701 2759 2769 2817 2842 2851 2908 2946 2993 2998 2999 3040 3045 3145 3366 3472 4022 4029 4055 4095 4105 4107 4109 4332 4396 4494 4500 4605 4654 4748 5374 5391 5463 5505 5574 5704 5737 5894 5959 6038 6109 6181 6188 6189 6694 6726 6738 6743 6872 6898 6905 7205 7393 7661 7743 7749 7818 7822 7981 8143 8211 8442 8463 8523 8598 8656 8695 8918 8984 9035 9117 9123 9175 9462 9554 9581 9682 9698 9700 9765 9812 9832
10000 100
81 100 355 370 398 408 704 712 800 852 899 1407 1412 1455 1458 1475 1508 1559 1827 1899 1901 1913 2022 2049 2203 2301 2338 2368 2574 2667 2705 2985 3012 3050 3189 3199 3285 3390 3477 3539 3564 3591 3595 3676 3744 4078 4084 4116 4159 4241 4267 4323 4480 4673 4771 4872 4982 5065 5196 5207 5272 5353 5657 5826 6232 6288 6293 6369 6450 6517 6694 6697 6795 6894 6934 7159 7380 7464 7714 7921 8029 8055 8090 8362 8470 8490 8594 8628 8743 8801 8805 8888 8938 9105 9127 9165 9208 9277 9512 9553
10000 100
48 169 435 475 581 588 728 787 901 928 996 1016 1071 1149 1225 1240 1272 1484 1514 1580 1626 1628 1687 1742 1761 1859 1985 1999 2102 2196 2415 2482 2574 3043 3084 3144 3149 3296 3425 3484 3541 3643 3662 3687 3703 3782 3811 3857 3885 3927 3954 3970 4224 4518 4563 4718 4998 5055 5100 5447 5456 5694 5695 5706 5736 6076 6285 6289 6680 6690 6983 7066 7102 7274 7346 7354 7439 7462 7576 7670 7699 7700 7780 8204 8241 8344 8440 8473 8640 8741 8872 8966 9251 9261 9418 9442 9493 9583 9773 9935
10000 100
43 154 177 180 182 226 248 448 523 532 553 650 685 744 871 1006 1089 1175 1540 1564 1599 1690 1731 1809 1867 1917 1923 1946 2277 2410 2458 2605 2613 2785 2794 2903 2974 3113 3186 3264 3278 3490 3576 3582 3935 4022 4111 4385 4410 4428 4482 4563 4601 4834 4919 4933 4985 5117 5236 5265 5271 5408 5566 5698 6153 6167 6205 6332 6539 6581 6710 6805 6957 7111 7130 7316 7372 7503 7526 7627 7679 7705 7883 8141 8348 8408 8607 8724 8744 8790 8905 9366 9443 9444 9640 9804 9829 9918 9930 9965
10000 100
50 165 171 174 229 296 420 429 454 488 499 537 996 1000 1025 1038 1046 1299 1376 1516 1567 1612 1627 1708 1840 1864 1929 2054 2102 2204 2228 2394 2415 2580 2794 2813 3153 3159 3226 3236 3356 3569 3590 3768 3983 3988 4058 4433 4616 4716 4803 4823 4835 4888 4934 5039 5045 5050 5196 5301 5354 5370 5481 5665 5745 6095 6191 6242 6286 6441 6593 6622 6917 6981 7117 7162 7246 7317 7399 7447 7727 7839 7853 7874 7934 8026 8038 8146 8158 8296 8644 8848 9262 9301 9387 9483 9669 9721 9799 9810
10000 100
58 80 97 105 138 164 313 789 883 951 998 1055 1067 1217 1246 1334 1625 1751 1887 1994 2021 2074 2255 2260 2417 3088 3262 3373 3382 3511 3751 4088 4305 4401 4407 4589 4667 4699 4721 4746 4849 4884 4964 5258 5303 5373 5402 5433 5485 5487 5500 5533 5576 5670 5910 5976 5980 6059 6067 6253 6349 6475 6505 6737 6971 7138 7196 7427 7436 7511 7530 7590 7679 7703 7792 7833 7860 7868 8003 8070 8157 8235 8299 8320 8381 8490 8742 8760 8960 9067 9167 9240 9314 9322 9399 9592 9733 9735 9785 9979
10000 100
497 548 698 820 846 860 1029 1053 1161 1263 1544 1744 1856 1934 2141 2229 2337 2462 2468 2523 2533 2598 2655 2822 2939 3118 3153 3171 3208 3359 3368 3413 3674 3696 3710 3713 3960 4027 4042 4419 4543 4701 4723 4748 4947 5010 5022 5080 5102 5411 5780 5909 5915 5964 5972 6020 6196 6256 6335 6399 6447 6865 6907 6986 7097 7147 7187 7199 7238 7308 7627 7716 7722 7802 8154 8212 8252 8592 8645 8796 8865 8888 8902 8924 8997 9058 9278 9392 9428 9500 9521 9522 9660 9705 9805 9819 9882 9950 9954 9975
10000 100
335 583 666 670 712 785 868 890 949 1029 1288 1307 1594 1819 1883 1910 2045 2072 2162 2327 2431 2448 2539 2606 2934 2944 3081 3170 3280 3292 3320 3397 3503 3583 3787 4033 4179 4253 4278 4329 4414 4587 4674 4771 4942 5059 5110 5474 5496 5633 5686 5792 5909 5985 6006 6169 6177 6187 6191 6233 6235 6435 6450 6591 6633 6785 6901 6902 7049 7056 7104 7203 7377 7431 7501 7521 7538 7572 7662 7782 7829 7921 8084 8186 8222 8396 8507 8594 8886 8911 8928 8931 9170 9183 9312 9497 9587 9691 9741 9980
10000 100
75 170 342 383 420 777 1133 1135 1327 1373 1406 1416 1612 1619 1753 1810 1913 1919 1952 1998 2216 2273 2321 2462 2794 2963 2987 3091 3333 3449 3506 3621 3728 3744 3777 3816 3951 4025 4095 4126 4160 4217 4363 4638 4639 4899 4985 5000 5100 5143 5167 5275 5429 5498 5694 6014 6325 6341 6453 6560 6688 6711 6769 7015 7050 7051 7123 7223 7386 7392 7624 7678 7772 7931 8083 8094 8103 8157 8168 8331 8371 8391 8433 8442 8544 8656 8660 8789 8798 8815 8944 9102 9186 9213 9356 9529 9588 9769 9933 9975
10000 100
107 141 179 249 274 464 493 543 560 564 684 902 928 995 1220 1400 1487 1535 1887 1987 2000 2117 2248 2597 2642 2654 2688 3168 3265 3338 3394 3462 3507 3509 3566 3901 4026 4067 4260 4264 4322 4411 4418 4429 4739 4926 5008 5179 5207 5427 5653 5994 6007 6116 6156 6257 6350 6561 6659 6765 6809 6861 6988 7006 7084 7252 7345 7395 7424 7641 7681 7829 7939 7995 8105 8321 8413 8677 8742 8900 9026 9088 9146 9205 9284 9340 9410 9415 9442 9449 9537 9556 9639 9737 9753 9811 9905 9957 9962 9996
10000 100
72 265 337 352 877 1078 1208 1249 1618 1692 1945 2084 2095 2191 2219 2442 2490 2514 2868 3296 3486 3545 3838 3879 3924 4075 4145 4261 4447 4507 4588 4660 4752 5146 5198 5242 5246 5256 5272 5442 5461 5462 5519 5719 5724 5770 5814 5875 5980 6001 6225 6323 6333 6395 6473 6474 6479 6497 6601 6689 6700 6757 6778 6853 6856 6879 7042 7054 7187 7295 7324 7588 7604 7626 7847 8002 8051 8058 8339 8458 8562 8632 8692 8693 8854 8886 9020 9155 9250 9455 9463 9503 9517 9594 9602 9677 9719 9747 9785 9851
10000 100
64 124 297 399 415 535 550 627 695 788 795 916 922 1336 1361 1638 1669 1681 1768 1906 1956 1961 2004 2413 2500 2533 2582 2690 2915 2946 3033 3254 3431 3498 3523 3734 3804 3826 3938 4024 4038 4271 4324 4415 4515 4521 4523 4592 4614 4658 4883 5028 5145 5403 5476 5506 5651 5783 5885 5910 6152 6249 6284 6296 6302 6378 6381 6655 6671 6702 6866 6934 6996 7253 7405 7563 7614 7688 7819 7993 8033 8111 8143 8257 8646 8661 8685 8867 8930 9043 9070 9082 9148 9369 9431 9433 9465 9479 9677 9939
10000 100
35 69 79 267 459 550 647 761 944 1067 1129 1136 1147 1186 1225 1264 1358 1474 1568 1597 1682 1717 1802 1882 2012 2093 2232 2256 2418 2598 2647 2698 2764 2849 3050 3140 3228 3332 3564 3632 3768 3951 4153 4264 4315 4484 4504 4566 4751 4758 4959 5053 5164 5424 5446 5566 5709 5820 5950 6409 6459 6541 6567 6587 6648 6768 6901 6906 7408 7415 7430 7498 7572 7577 7625 7887 7903 7958 8257 8312 8335 8347 8396 8417 8568 8580 8699 8835 9015 9066 9214 9271 9281 9300 9335 9585 9704 9821 9839 9919
10000 100
95 187 274 338 390 406 420 440 722 868 1038 1056 1290 1295 1451 1511 1561 1635 1712 1720 1907 1912 2070 2214 2328 2411 2604 2741 2777 2900 2910 2933 2976 3226 3387 3477 3518 3626 3728 3765 3812 4006 4075 4465 4493 4560 4652 4670 4801 4897 4979 4983 5086 5373 5461 5474 5525 5606 5638 5733 5786 5808 5846 5903 6063 6087 6245 6307 6417 6434 6496 6562 6995 7040 7213 7273 7402 7803 7950 7969 8170 8193 8226 8238 8463 8761 8784 8813 8847 9037 9150 9550 9553 9661 9689 9723 9755 9852 9872 9996
10000 100
168 252 397 419 690 774 908 1086 1286 1404 1431 1719 1768 1777 1821 1849 1945 2093 2118 2292 2365 2369 2392 2558 2672 2677 2761 2975 3302 3351 3562 3582 3671 3764 3806 3832 3913 4134 4177 4251 4359 4482 4652 4686 4754 5086 5151 5337 5449 5489 5504 5510 5585 5592 5608 5777 5811 5932 6017 6107 6310 6456 6498 6579 6646 6706 6751 6793 6804 6828 7218 7237 7270 7336 7352 7510 7677 7707 7792 7827 7975 8088 8090 8295 8323 8343 8482 8562 8699 8721 8978 9014 9053 9221 9309 9480 9509 9701 9968 9979
10000 100
53 72 295 318 416 442 705 918 982 998 1045 1048 1090 1113 1599 1774 2212 2249 2261 2464 2465 2733 2737 2754 2872 2919 3012 3015 3092 3234 3261 3636 3721 3780 3942 4012 4024 4250 4274 4322 4517 4574 4605 4709 4880 5207 5595 5825 5950 6017 6025 6099 6280 6344 6382 6403 6415 6500 6683 6695 6708 6853 6875 6881 7053 7173 7181 7242 7245 7387 7454 7492 7700 7907 8112 8121 8123 8267 8351 8522 8554 8682 8685 8812 8816 8853 8884 9183 9231 9310 9439 9506 9613 9634 9670 9720 9724 9755 9806 9866
10000 100
337 370 465 500 660 666 669 828 879 1040 1139 1164 1302 1413 1865 1987 2051 2071 2086 2101 2146 2229 2263 2267 2387 2438 2565 2572 2739 2758 2798 2802 2865 2929 2934 3095 3133 3180 3269 3295 3521 3634 4020 4045 4068 4077 4086 4172 4236 4333 4458 4473 4479 4599 4792 5460 5510 5665 5731 5834 5892 5988 6036 6127 6158 6246 6414 6581 6625 6667 6701 6945 6946 7143 7183 7285 7291 7497 7630 7684 7942 8013 8015 8071 8198 8208 8486 8561 8693 8699 8745 8837 9127 9215 9234 9383 9537 9951 9953 9997
10000 100
3 90 171 237 241 316 328 331 429 845 966 992 1099 1172 1824 1826 2020 2029 2030 2050 2083 2199 2367 2370 2374 2517 2565 2748 2792 2938 3003 3041 3111 3191 3239 3281 3319 3601 3692 3897 3992 4193 4346 4426 4486 4506 4665 4769 4790 4820 5015 5068 5093 5123 5195 5205 5363 5541 5551 5552 5765 5878 5979 6109 6256 6283 6614 6639 6810 6829 6895 6997 7088 7323 7755 7839 7868 7887 8096 8414 8479 8517 8892 8940 9098 9115 9154 9270 9423 9430 9512 9580 9616 9618 9652 9691 9708 9722 9900 9971
10000 100
34 543 647 787 820 850 931 1007 1054 1079 1113 1143 1152 1381 1497 1499 1550 1712 1719 1751 1774 1866 2054 2148 2181 2284 2375 2397 2475 2721 2742 2975 3146 3220 3455 3457 3531 3579 3710 3897 4141 4210 4340 4644 4676 4709 4742 4853 4868 4972 5179 5608 5736 5750 5887 5916 5996 6045 6063 6096 6099 6105 6164 6175 6176 6551 6626 6637 6701 6745 6970 7072 7288 7477 7546 7565 7625 7659 7803 7858 7966 8037 8280 8410 8458 8659 8679 8853 8925 9025 9107 9207 9345 9398 9562 9757 9808 9810 9832 9897
10000 100
195 477 780 783 881 918 950 1163 1181 1238 1285 1301 1356 1357 1380 1404 1429 1472 1497 1550 1635 1904 1943 1968 2030 2234 2251 2267 2415 2440 2566 2589 2750 2847 2853 3038 3162 3211 3235 3327 3369 3518 3632 3685 3789 4170 4228 4517 4527 4625 4663 4749 4857 4923 5040 5077 5108 5240 5284 5715 5982 6025 6171 6333 6351 6419 6598 6660 6728 6730 6830 6977 7053 7093 7162 7461 7521 7532 7589 7714 7867 7876 8001 8039 8154 8269 8445 8504 8577 8877 9070 9159 9192 9297 9316 9363 9507 9557 9873 9907
10000 100
476 643 801 819 1087 1115 1121 1358 1639 1646 1684 1700 1704 1798 2085 2104 2160 2188 2280 2288 2425 2465 2691 2727 2743 2976 3053 3057 3166 3226 3290 3328 3342 3371 3420 3552 3570 3637 3652 3666 3972 4027 4212 4217 4262 4263 4276 4346 4360 4384 4394 4565 4640 4676 4809 4919 5160 5216 5255 5493 5630 5831 6246 6278 6543 6796 7004 7064 7187 7210 7226 7328 7343 7384 7735 7832 8017 8109 8155 8277 8341 8365 8395 8861 8862 8903 8904 8934 8988 9020 9142 9154 9168 9291 9390 9476 9644 9649 9879 9958
10000 100
6 24 106 326 357 750 795 904 1046 1100 1227 1408 1587 1684 1697 1745 1794 1835 1982 2173 2214 2266 2480 2622 2903 2926 2957 2960 3081 3373 3567 3616 3683 3844 3862 3867 3874 3959 3985 4051 4075 4173 4177 4255 4260 4383 4478 4583 4808 4831 4869 4978 5009 5090 5198 5449 5944 6038 6532 6602 6707 6762 6779 6786 6802 6890 7044 7046 7083 7129 7134 7402 7618 7705 7791 7902 8015 8073 8123 8193 8219 8423 8484 8533 8544 8724 8864 8952 8981 9025 9149 9191 9196 9355 9454 9524 9553 9573 9781 9978
10000 100
137 139 286 473 503 539 673 1175 1400 1438 1589 1629 1728 2030 2095 2173 2468 2505 2631 2671 2732 2790 2820 3020 3039 3118 3151 3367 3371 3484 3551 3629 3642 3837 3851 4018 4065 4094 4180 4183 4289 4530 4811 4822 4853 4922 4941 5251 5277 5525 5660 5770 5796 5907 6065 6078 6507 6548 6571 6677 6706 6797 6981 7032 7079 7109 7146 7179 7203 7262 7272 7301 7353 7381 7388 7389 7398 7448 7467 7478 7523 7684 7706 7800 7930 7938 8087 8216 8266 8621 8732 8810 8999 9016 9093 9508 9645 9746 9854 9892
10000 100
197 216 273 360 442 746 807 1052 1217 1258 1272 1335 1378 1405 1424 1425 2037 2043 2054 2274 2338 2509 2527 2625 2882 2892 2905 2927 3179 3424 3642 3738 3851 3889 3937 4080 4132 4239 4311 4420 4507 4527 4605 4731 4732 4831 4876 5140 5245 5392 5656 5727 5923 5932 6105 6123 6155 6238 6262 6281 6329 6364 6381 6440 6453 6457 6708 6790 6946 7027 7061 7103 7157 7187 7644 7693 7732 7817 7993 8007 8013 8127 8178 8239 8301 8454 8521 8537 8582 8736 8765 8781 8868 9133 9341 9366 9706 9726 9744 9796
10000 100
34 71 151 228 377 501 529 616 790 806 1039 1388 1408 1437 1569 1581 2017 2236 2536 2698 2850 2951 2968 3002 3069 3427 3477 3631 3804 3858 4073 4086 4114 4129 4211 4236 4293 4361 4423 4548 4609 4645 4688 4706 4764 4958 5029 5063 5174 5241 5242 5338 5581 5593 5614 5725 5754 5942 6162 6177 6332 6455 6932 6933 6966 7083 7507 7536 7549 7561 7671 7807 7821 7931 8238 8354 8364 8534 8563 8694 8746 8814 8830 8866 8921 8950 8956 9064 9126 9136 9146 9373 9506 9524 9536 9564 9611 9619 9727 9730
10000 100
149 181 218 416 554 667 697 741 771 898 906 923 1145 1218 1228 1256 1408 1480 1521 1572 1778 1941 1988 2036 2047 2289 2403 2484 2500 2772 2816 2979 2996 3046 3092 3134 3317 3345 3362 3372 3486 3549 3758 3973 3999 4044 4102 4253 4497 4547 4618 4659 4778 4916 5016 5466 5509 5536 5978 6127 6135 6284 6299 6412 6426 6485 6565 6698 6788 6975 7022 7371 7389 7413 7463 7482 7534 7546 7551 7829 7924 7935 8004 8080 8359 8371 8535 8562 8913 8929 8971 8984 8989 9014 9016 9094 9261 9586 9610 9741
10000 100
44 129 246 390 443 514 527 714 963 1014 1048 1084 1185 1193 1211 1237 1280 1349 1391 1439 1684 1768 1864 2297 2334 2402 2408 2489 2600 3061 3256 3348 3474 3700 3759 3760 3805 3824 3982 4004 4194 4351 4388 4405 4503 4777 4786 4840 4860 4931 5006 5196 5290 5334 5381 5394 5404 5430 5437 5575 5589 5817 5940 5960 5961 5979 6017 6210 6280 6286 6316 6840 6953 7083 7106 7131 7186 7345 7366 7529 7846 7944 7969 8132 8188 8581 8906 8985 9074 9094 9101 9127 9336 9440 9467 9514 9865 9891 9916 9976
10000 100
9 154 172 246 267 305 451 616 866 1004 1014 1219 1274 1352 1517 1558 1676 1844 1858 1923 1968 2002 2003 2053 2100 2218 2522 2539 2694 2760 2835 2883 2936 3261 3276 3465 3524 3557 3594 3847 3860 3890 3967 4023 4220 4394 4561 4738 4792 4847 4884 5132 5276 5284 5436 5508 5518 5561 5751 5790 5833 5887 5894 6224 6373 6416 6471 6655 6688 6770 6791 6804 6825 6939 7019 7109 7112 7181 7245 7287 7323 7718 7984 8320 8659 8686 8699 9001 9064 9102 9110 9152 9364 9560 9652 9662 9786 9870 9957 9979
10000 100
29 116 145 253 273 381 575 592 601 690 927 1139 1222 1375 1396 1608 1823 1862 1947 2234 2440 2864 2880 2909 3002 3033 3106 3174 3209 3341 3413 3486 3607 4051 4073 4129 4195 4208 4268 4355 4538 4625 4653 5113 5215 5218 5245 5308 6064 6160 6258 6401 6467 6511 6806 6818 6877 6931 7086 7090 7138 7140 7196 7235 7260 7269 7369 7387 7573 7657 7659 7720 7782 7806 8047 8119 8124 8196 8294 8388 8695 8758 8773 8873 8878 8931 8978 9017 9137 9218 9255 9422 9518 9564 9616 9720 9736 9780 9823 9898
10000 100
182 234 290 365 399 514 546 763 910 958 1198 1204 1212 1341 1381 1389 1470 1511 1653 1707 1750 1845 1978 2085 2121 2279 2339 2453 2611 2870 2881 3143 3252 3257 3261 3451 3582 3665 3667 3689 3803 3847 3892 4098 4117 4183 4252 4290 4348 4388 4450 4502 4686 4699 4829 5027 5043 5247 5248 5264 5289 5358 5372 5420 5526 5554 5665 5823 5915 5925 6026 6064 6143 6194 6427 6580 6585 6620 6704 6731 7027 7091 7254 7415 7539 7930 7986 8199 8545 8619 8669 8726 8771 9330 9391 9472 9476 9799 9864 9893
10000 100
199 202 587 625 653 689 789 803 928 938 1004 1153 1466 1714 1730 1734 1855 1902 1922 2098 2354 2488 2521 2548 2611 2629 2681 2717 3046 3084 3226 3237 3411 3514 3538 3561 3657 3771 3799 3836 3838 3946 3963 3999 4081 4139 4221 4355 4371 4516 4795 4836 4956 5019 5218 5379 5446 5769 5936 6060 6077 6129 6148 6265 6270 6332 6599 6625 6696 6774 6812 6949 7359 7381 7503 7740 7961 8069 8079 8095 8102 8166 8194 8237 8252 8383 8585 8879 9044 9235 9292 9351 9387 9455 9481 9495 9547 9719 9902 9988
10000 100
73 337 462 502 687 766 922 1005 1006 1103 1116 1258 1307 1405 1845 1855 1856 1987 2135 2151 2156 2296 2415 2634 3015 3145 3152 3209 3253 3343 3392 3449 3838 3842 3965 3982 4037 4063 4142 4153 4223 4585 4735 4830 4858 4996 5051 5125 5181 5298 5523 5694 5805 5819 5831 5885 6032 6232 6277 6328 6358 6359 6439 6609 6869 7035 7249 7272 7428 7806 7879 7889 7947 8035 8067 8148 8258 8294 8312 8351 8460 8516 8791 8805 8815 8842 8845 8894 8904 9148 9154 9157 9191 9390 9419 9685 9806 9830 9891 9921
10000 100
29 101 427 497 503 692 715 793 888 904 918 949 982 986 1135 1259 1303 1310 1357 1559 1876 1902 1917 2015 2061 2167 2192 2276 2311 2476 2725 2897 3014 3089 3226 3318 3471 3562 3573 3670 3681 3798 3857 3970 4036 4046 4064 4370 4486 4543 4612 4655 4760 4835 4895 4951 5030 5082 5481 5516 5615 5688 5872 6277 6289 6376 6407 6462 6480 6614 6679 6699 6821 6904 7001 7288 7361 7625 7666 7906 8060 8145 8331 8406 8520 8541 8607 8615 8617 8668 8927 9034 9078 9163 9185 9238 9279 9311 9527 9699
10000 100
3 107 129 142 245 496 530 541 725 748 794 920 985 1108 1293 1368 1520 1626 1631 1750 1837 1872 1946 1976 2119 2126 2190 2354 2389 2517 2534 2858 2918 3155 3228 3521 3523 3604 3652 3659 3797 3919 4017 4040 4099 4291 4509 4788 5044 5197 5265 5396 5408 5411 5435 5571 5574 5713 5895 6017 6109 6225 6545 6669 6681 6698 6704 6727 6822 6847 6990 7261 7275 7465 7598 7786 7821 7831 8038 8056 8173 8217 8271 8419 8525 8670 8719 8762 8832 8898 8963 9095 9524 9534 9747 9750 9773 9891 9893 9914
