100
8 1
3
20 3
3 6 14
1 1
1
2 2
1 2
3 3
1 2 3
4 4
1 2 3 4
5 5
1 2 3 4 5
51 3
16 28 48
4 1
1
92 3
8 25 41
90 1
61
88 2
20 86
59 4
1 12 14 40
3 3
1 2 3
69 1
10
79 1
32
12 4
4 9 11 12
60 3
6 30 36
80 1
61
67 5
2 13 26 51 62
17 5
2 3 5 10 12
56 2
8 34
36 2
1 15
80 2
16 67
98 4
1 13 25 78
4 3
1 2 4
17 4
1 4 7 13
100 5
45 66 68 79 97
100 5
44 64 65 75 83
100 5
19 21 32 40 83
100 5
41 48 51 87 96
100 5
6 29 51 65 88
100 5
68 75 76 80 82
100 5
12 47 69 72 91
100 5
7 64 77 90 93
100 5
32 42 62 66 73
100 5
4 20 32 71 72
100 5
2 51 65 78 87
100 5
15 42 69 92 100
100 5
13 33 37 46 73
100 5
46 48 57 65 88
100 5
50 60 87 88 89
100 5
5 31 33 53 60
100 5
11 12 34 39 98
100 5
6 31 32 47 89
100 5
11 13 28 44 49
100 5
12 14 22 43 67
100 5
10 32 33 62 99
100 5
22 45 66 78 92
100 5
52 55 83 88 99
100 5
12 82 86 88 92
100 5
56 57 91 92 97
100 5
22 34 43 57 68
100 5
4 17 18 50 79
100 5
22 67 71 88 99
100 5
15 36 49 86 94
100 5
17 40 74 89 97
100 5
3 13 70 80 95
100 5
24 26 45 47 67
100 5
15 16 22 63 93
100 5
21 41 43 63 82
100 5
13 14 29 62 78
100 5
1 8 18 29 91
100 5
13 29 50 77 96
100 5
6 23 51 74 92
100 5
5 13 57 65 90
100 5
8 11 39 48 72
100 5
29 52 77 78 90
100 5
38 39 71 89 98
100 5
30 35 53 59 86
100 5
4 16 29 60 66
100 5
16 49 51 82 93
100 5
22 23 62 87 91
100 5
13 74 94 98 99
100 5
1 11 31 89 91
100 5
35 40 50 73 86
100 5
16 31 32 66 71
100 5
15 50 63 65 83
100 5
45 50 55 68 72
100 5
32 44 72 77 99
100 5
20 34 35 84 94
100 5
2 20 35 85 89
100 5
4 26 76 92 100
100 5
10 40 59 82 98
100 5
2 3 52 71 82
100 5
1 3 24 26 69
100 5
4 31 50 58 97
100 5
4 34 63 68 92
100 5
7 19 47 72 82
100 5
1 50 52 63 91
100 5
19 24 53 64 82
100 5
7 28 71 78 95
100 5
10 31 52 60 80
100 5
32 56 57 65 95
100 5
2 15 25 53 96
100 5
2 7 38 54 87
100 5
19 20 43 78 82
100 5
5 18 37 59 87
100 5
18 34 40 43 79
100 5
42 50 57 65 82
